1774117331222 1.270455185856138 0
1774117331545 1.1560744430337633 1
1774117331889 1.1487862659352166 2
1774117332198 1.1211291956050056 3
1774117332514 1.1194156621183668 4
1774117332845 1.1118583721773965 5
1774117333168 1.096343117100852 6
1774117333483 1.0996155078921999 7
1774117333803 1.0920826366969518 8
1774117334120 1.088473950113569 9
1774117334437 1.0851881355047226 10
1774117334753 1.0862823043550764 11
1774117335075 1.075033181479999 12
1774117335395 1.0813730699675423 13
1774117335718 1.0814700339521681 14
1774117336033 1.0864770774330412 15
1774117336356 1.0777663311788015 16
1774117336673 1.07991081901959 17
1774117336986 1.0685796354498183 18
1774117337411 1.0809215413672584 19
1774117337735 1.06962365763528 20
1774117338042 1.0735194853373937 21
1774117338360 1.092446227158819 22
1774117338666 1.08076668211392 23
1774117338981 1.063874168055398 24
1774117339305 1.0855122527905874 25
1774117339618 1.0749753564596176 26
1774117339927 1.0637234491961343 27
1774117340240 1.087126653109278 28
1774117340543 1.0757143093006951 29
1774117340861 1.0741689992802483 30
1774117341182 1.0731852927378245 31
1774117341484 1.066472543137414 32
