1774117348699 0.9851121199982507 0
1774117349263 0.8523338522229876 1
1774117349705 0.5735723344343049 2
1774117350155 0.32191823422908783 3
1774117350601 0.1879051774740219 4
1774117351087 0.11177558425281729 5
1774117351588 0.07762007734605245 6
1774117352024 0.043187483213841915 7
1774117352455 0.027530098600046977 8
1774117352924 0.021917095873504877 9
1774117353347 0.017901394250137464 10
1774117353860 0.01472640736028552 11
1774117354332 0.012275859713554382 12
1774117354756 0.010377046718661274 13
1774117355185 0.008659696256342744 14
1774117355650 0.007198318922226983 15
1774117356118 0.006114722728463156 16
1774117356532 0.005242655552657587 17
1774117356942 0.004601434713029968 18
1774117357434 0.004130227333267352 19
1774117358072 0.003816559736151248 20
1774117358553 0.003533254568797669 21
1774117358976 0.00333914949858029 22
1774117359551 0.0031072503521240185 23
1774117359981 0.002973988893375333 24
1774117360496 0.0028480863547883928 25
1774117361015 0.002724283599361245 26
1774117361568 0.0025888652058451305 27
1774117362011 0.0024604653839820196 28
1774117362702 0.0023857841359650983 29
